120.0 100.0
119.95128100519648 101.39512947488251
119.8053613748314 102.78346201920131
119.56295201467611 104.15823381635519
119.22523391876638 105.51274711633998
118.79385241571816 106.84040286651337
118.27090915285201 108.134732861516
117.65895185717854 109.38943125571781
116.96096192312852 110.59838528466409
116.18033988749895 111.75570504584947
115.32088886237956 112.85575219373078
114.38679600677303 113.89316740917994
113.38261212717717 114.86289650954788
112.31322950651317 115.76021507213444
111.18385806941494 116.58075145110084
110.0 117.32050807568876
108.76742293578155 117.97588092598335
107.49213186831824 118.54367709133575
106.18033988749895 119.02113032590307
104.83843791199335 119.40591452551993
103.4729635533386 119.69615506024417
102.09056926535305 119.89043790736547
100.69798993405001 119.98781654038191
99.30201006594997 119.98781654038191
97.90943073464692 119.89043790736547
96.52703644666137 119.69615506024417
95.16156208800663 119.40591452551993
93.81966011250103 119.02113032590307
92.50786813168173 118.54367709133574
91.23257706421843 117.97588092598333
89.99999999999999 117.32050807568876
88.81614193058505 116.58075145110082
87.68677049348682 115.76021507213443
86.61738787282282 114.86289650954787
85.61320399322696 113.89316740917992
84.67911113762042 112.85575219373077
83.81966011250103 111.75570504584944
83.03903807687146 110.59838528466406
82.34104814282145 109.38943125571778
81.72909084714797 108.13473286151597
81.20614758428182 106.84040286651333
80.77476608123361 105.51274711633994
80.43704798532389 104.15823381635514
80.19463862516858 102.78346201920127
80.04871899480351 101.39512947488245
80.0 99.99999999999994
80.04871899480352 98.60487052511745
80.19463862516861 97.21653798079863
80.4370479853239 95.84176618364475
80.77476608123364 94.48725288365996
81.20614758428185 93.15959713348657
81.729090847148 91.86526713848394
82.34104814282149 90.61056874428212
83.03903807687152 89.40161471533584
83.81966011250108 88.24429495415048
84.67911113762048 87.14424780626916
85.61320399322703 86.10683259082
86.61738787282289 85.13710349045206
87.68677049348689 84.23978492786551
88.81614193058513 83.41924854889912
90.00000000000007 82.67949192431118
91.23257706421853 82.02411907401662
92.50786813168183 81.45632290866422
93.81966011250114 80.9788696740969
95.16156208800673 80.59408547448005
96.52703644666148 80.30384493975582
97.90943073464702 80.10956209263452
99.30201006595007 80.01218345961809
100.69798993405011 80.01218345961809
102.09056926535317 80.10956209263455
103.4729635533387 80.30384493975586
104.83843791199345 80.5940854744801
106.18033988749904 80.97886967409696
107.49213186831834 81.45632290866429
108.76742293578164 82.02411907401671
110.00000000000009 82.67949192431128
111.18385806941502 83.41924854889922
112.31322950651325 84.23978492786563
113.38261212717725 85.13710349045219
114.3867960067731 86.10683259082015
115.32088886237963 87.1442478062693
116.18033988749902 88.24429495415063
116.96096192312858 89.40161471533601
117.6589518571786 90.61056874428229
118.27090915285207 91.86526713848411
118.7938524157182 93.15959713348674
119.2252339187664 94.48725288366015
119.56295201467614 95.84176618364494
119.80536137483142 97.21653798079882
119.95128100519649 98.60487052511763
