154.0 100.0
153.3844170297569 107.82172325201154
151.55282581475768 115.45084971874736
148.5503262094184 122.69952498697734
144.45084971874738 129.38926261462365
139.35533905932738 135.35533905932738
133.38926261462365 140.45084971874738
126.69952498697734 144.5503262094184
119.45084971874738 147.55282581475768
111.82172325201155 149.3844170297569
104.0 150.0
103.99999999999999 50.0
111.82172325201154 50.61558297024311
119.45084971874736 52.44717418524232
126.69952498697734 55.449673790581606
133.38926261462365 59.54915028125262
139.35533905932738 64.64466094067262
144.45084971874735 70.61073738537632
148.5503262094184 77.30047501302265
151.55282581475768 84.54915028125262
153.3844170297569 92.17827674798845
