104.0 150.0
96.17827674798846 149.3844170297569
88.54915028125264 147.55282581475768
81.30047501302266 144.5503262094184
74.61073738537635 140.45084971874738
68.64466094067262 135.35533905932738
63.549150281252636 129.38926261462365
59.44967379058161 122.69952498697734
56.447174185242325 115.45084971874738
54.61558297024312 107.82172325201155
54.0 100.0
54.61558297024311 92.17827674798846
56.44717418524232 84.54915028125264
59.449673790581606 77.30047501302266
63.54915028125262 70.61073738537635
68.64466094067262 64.64466094067262
74.61073738537634 59.549150281252636
81.30047501302266 55.44967379058161
88.54915028125262 52.447174185242325
96.17827674798845 50.61558297024312
103.99999999999999 50.0
